2 3 4 5 6 7 8 9 0 0 0 0 0 0 0 0 0 0 0 0 0 0 0 0 0 0 0 0 0 0 0 0 0 0 0 0 0 0 0 0 0 0 0 0
2 3 4 5 6 7 8 9 6 5 10 4 7 11 9 11 12 13 14 15 16 17 0 0 0 0 0 0 0 0 0 0 0 0 0 0 0 0 0 0 0 0 0 0
6 5 10 4 7 11 9 11 12 13 14 15 16 17 18 8 9 19 7 20 21 22 1 1 0 0 0 0 0 0 0 0 0 0 0 0 0 0 0 0 0 0 0 0
18 8 9 19 7 20 21 22 1 1 23 19 7 20 21 7 24 25 0 0 0 0 0 0 0 0 0 0 0 0 0 0 0 0 0 0 0 0 0 0 0 0 0 0
23 19 7 20 21 7 24 25 26 18 8 12 27 0 0 0 0 0 0 0 0 0 0 0 0 0 0 0 0 0 0 0 0 0 0 0 0 0 0 0 0 0 0 0
26 18 8 12 27 11 12 28 20 1 29 1 30 24 31 32 0 0 0 0 0 0 0 0 0 0 0 0 0 0 0 0 0 0 0 0 0 0 0 0 0 0 0 0
11 12 28 20 1 29 1 30 24 31 32 2 33 28 8 13 0 0 0 0 0 0 0 0 0 0 0 0 0 0 0 0 0 0 0 0 0 0 0 0 0 0 0 0
2 33 28 8 13 34 28 1 35 33 36 37 38 39 11 12 0 0 0 0 0 0 0 0 0 0 0 0 0 0 0 0 0 0 0 0 0 0 0 0 0 0 0 0
34 28 1 35 33 36 37 38 39 11 12 27 40 41 42 1 26 28 43 44 45 0 0 0 0 0 0 0 0 0 0 0 0 0 0 0 0 0 0 0 0 0 0 0
27 40 41 42 1 26 28 43 44 45 46 47 27 47 41 36 1 14 1 16 36 38 15 1 0 0 0 0 0 0 0 0 0 0 0 0 0 0 0 0 0 0 0 0
46 47 27 47 41 36 1 14 1 16 36 38 15 1 5 40 24 1 1 8 1 16 1 0 0 0 0 0 0 0 0 0 0 0 0 0 0 0 0 0 0 0 0 0
5 40 24 1 1 8 1 16 1 48 47 49 50 47 49 24 1 51 7 11 9 0 0 0 0 0 0 0 0 0 0 0 0 0 0 0 0 0 0 0 0 0 0 0
48 47 49 50 47 49 24 1 51 7 11 9 26 27 8 13 12 52 0 0 0 0 0 0 0 0 0 0 0 0 0 0 0 0 0 0 0 0 0 0 0 0 0 0
26 27 8 13 12 52 11 12 53 54 1 16 11 13 53 1 0 0 0 0 0 0 0 0 0 0 0 0 0 0 0 0 0 0 0 0 0 0 0 0 0 0 0 0
11 12 53 54 1 16 11 13 53 1 27 8 55 1 40 56 57 1 0 0 0 0 0 0 0 0 0 0 0 0 0 0 0 0 0 0 0 0 0 0 0 0 0 0
27 8 55 1 40 56 57 1 58 59 50 60 61 1 17 62 63 64 65 66 1 67 68 0 0 0 0 0 0 0 0 0 0 0 0 0 0 0 0 0 0 0 0 0
58 59 50 60 61 1 17 62 63 64 65 66 1 67 68 27 40 56 69 8 55 0 0 0 0 0 0 0 0 0 0 0 0 0 0 0 0 0 0 0 0 0 0 0
27 40 56 69 8 55 1 70 48 71 47 1 62 0 0 0 0 0 0 0 0 0 0 0 0 0 0 0 0 0 0 0 0 0 0 0 0 0 0 0 0 0 0 0
1 70 48 71 47 1 62 18 8 9 72 41 1 1 0 0 0 0 0 0 0 0 0 0 0 0 0 0 0 0 0 0 0 0 0 0 0 0 0 0 0 0 0 0
18 8 9 72 41 1 1 46 23 27 11 73 61 1 1 1 74 75 0 0 0 0 0 0 0 0 0 0 0 0 0 0 0 0 0 0 0 0 0 0 0 0 0 0
46 23 27 11 73 61 1 1 1 74 75 2 76 27 40 77 57 78 27 40 79 69 0 0 0 0 0 0 0 0 0 0 0 0 0 0 0 0 0 0 0 0 0 0
2 76 27 40 77 57 78 27 40 79 69 47 76 77 57 80 1 81 47 1 57 69 11 82 0 0 0 0 0 0 0 0 0 0 0 0 0 0 0 0 0 0 0 0
47 76 77 57 80 1 81 47 1 57 69 11 82 26 1 27 40 72 83 0 0 0 0 0 0 0 0 0 0 0 0 0 0 0 0 0 0 0 0 0 0 0 0 0
26 1 27 40 72 83 84 6 5 50 3 85 7 11 1 86 11 87 88 28 24 1 7 1 1 52 24 1 1 1 1 1 1 0 0 0 0 0 0 0 0 0 0 0
84 6 5 50 3 85 7 11 1 86 11 87 88 28 24 1 7 1 1 52 24 1 1 1 1 1 1 26 89 58 90 27 40 91 62 77 92 22 93 0 0 0 0 0
26 89 58 90 27 40 91 62 77 92 22 93 47 49 1 7 93 90 92 90 28 50 11 1 0 0 0 0 0 0 0 0 0 0 0 0 0 0 0 0 0 0 0 0
47 49 1 7 93 90 92 90 28 50 11 1 2 94 27 40 72 95 81 40 77 57 0 0 0 0 0 0 0 0 0 0 0 0 0 0 0 0 0 0 0 0 0 0
2 94 27 40 72 95 81 40 77 57 96 28 50 97 98 99 100 10 74 67 1 0 0 0 0 0 0 0 0 0 0 0 0 0 0 0 0 0 0 0 0 0 0 0
96 28 50 97 98 99 100 10 74 67 1 27 40 91 1 90 0 0 0 0 0 0 0 0 0 0 0 0 0 0 0 0 0 0 0 0 0 0 0 0 0 0 0 0
27 40 91 1 90 46 47 27 101 80 1 1 0 0 0 0 0 0 0 0 0 0 0 0 0 0 0 0 0 0 0 0 0 0 0 0 0 0 0 0 0 0 0 0
46 47 27 101 80 1 1 5 24 1 6 1 62 40 0 0 0 0 0 0 0 0 0 0 0 0 0 0 0 0 0 0 0 0 0 0 0 0 0 0 0 0 0 0
5 24 1 6 1 62 40 46 60 5 102 58 103 5 104 1 0 0 0 0 0 0 0 0 0 0 0 0 0 0 0 0 0 0 0 0 0 0 0 0 0 0 0 0
46 60 5 102 58 103 5 104 1 41 40 105 1 106 90 0 0 0 0 0 0 0 0 0 0 0 0 0 0 0 0 0 0 0 0 0 0 0 0 0 0 0 0 0
41 40 105 1 106 90 46 30 1 1 81 47 107 7 11 108 28 1 1 0 0 0 0 0 0 0 0 0 0 0 0 0 0 0 0 0 0 0 0 0 0 0 0 0
46 30 1 1 81 47 107 7 11 108 28 1 1 5 40 1 109 1 81 110 57 0 0 0 0 0 0 0 0 0 0 0 0 0 0 0 0 0 0 0 0 0 0 0
5 40 1 109 1 81 110 57 46 47 49 47 49 80 1 70 86 1 104 1 62 17 0 0 0 0 0 0 0 0 0 0 0 0 0 0 0 0 0 0 0 0 0 0
46 47 49 47 49 80 1 70 86 1 104 1 62 17 5 111 90 85 52 1 22 1 28 112 7 8 113 0 0 0 0 0 0 0 0 0 0 0 0 0 0 0 0 0
5 111 90 85 52 1 22 1 28 112 7 8 113 46 60 5 24 114 7 11 113 5 115 1 58 111 90 0 0 0 0 0 0 0 0 0 0 0 0 0 0 0 0 0
46 60 5 24 114 7 11 113 5 115 1 58 111 90 27 40 76 1 1 81 110 57 0 0 0 0 0 0 0 0 0 0 0 0 0 0 0 0 0 0 0 0 0 0
27 40 76 1 1 81 110 57 48 50 76 99 81 47 41 1 69 11 82 0 0 0 0 0 0 0 0 0 0 0 0 0 0 0 0 0 0 0 0 0 0 0 0 0
48 50 76 99 81 47 41 1 69 11 82 2 76 27 40 116 117 0 0 0 0 0 0 0 0 0 0 0 0 0 0 0 0 0 0 0 0 0 0 0 0 0 0 0
2 76 27 40 116 117 47 116 117 1 118 68 65 47 79 62 119 0 0 0 0 0 0 0 0 0 0 0 0 0 0 0 0 0 0 0 0 0 0 0 0 0 0 0
47 116 117 1 118 68 65 47 79 62 119 26 28 8 120 89 58 121 0 0 0 0 0 0 0 0 0 0 0 0 0 0 0 0 0 0 0 0 0 0 0 0 0 0
26 28 8 120 89 58 121 47 122 123 109 1 1 0 0 0 0 0 0 0 0 0 0 0 0 0 0 0 0 0 0 0 0 0 0 0 0 0 0 0 0 0 0 0
47 122 123 109 1 1 26 124 40 125 126 117 0 0 0 0 0 0 0 0 0 0 0 0 0 0 0 0 0 0 0 0 0 0 0 0 0 0 0 0 0 0 0 0
26 124 40 125 126 117 117 124 127 11 1 109 128 58 129 100 24 1 16 117 5 130 11 87 82 0 0 0 0 0 0 0 0 0 0 0 0 0 0 0 0 0 0 0
117 124 127 11 1 109 128 58 129 100 24 1 16 117 5 130 11 87 82 131 27 40 116 117 0 0 0 0 0 0 0 0 0 0 0 0 0 0 0 0 0 0 0 0
131 27 40 116 117 47 116 117 30 64 132 7 24 133 0 0 0 0 0 0 0 0 0 0 0 0 0 0 0 0 0 0 0 0 0 0 0 0 0 0 0 0 0 0
47 116 117 30 64 132 7 24 133 26 28 24 102 1 121 40 41 105 116 0 0 0 0 0 0 0 0 0 0 0 0 0 0 0 0 0 0 0 0 0 0 0 0 0
26 28 24 102 1 121 40 41 105 116 47 134 135 136 137 138 20 121 139 109 24 113 58 138 1 7 1 0 0 0 0 0 0 0 0 0 0 0 0 0 0 0 0 0
47 134 135 136 137 138 20 121 139 109 24 113 58 138 1 7 1 2 140 18 96 141 40 62 142 20 121 0 0 0 0 0 0 0 0 0 0 0 0 0 0 0 0 0
2 140 18 96 141 40 62 142 20 121 84 96 143 80 24 1 58 24 121 71 96 72 1 17 20 1 62 142 20 1 1 121 0 0 0 0 0 0 0 0 0 0 0 0
84 96 143 80 24 1 58 24 121 71 96 72 1 17 20 1 62 142 20 1 1 121 27 40 72 144 117 69 40 81 40 145 0 0 0 0 0 0 0 0 0 0 0 0
27 40 72 144 117 69 40 81 40 145 46 47 27 81 47 49 30 24 1 22 1 1 47 116 117 62 1 146 0 0 0 0 0 0 0 0 0 0 0 0 0 0 0 0
46 47 27 81 47 49 30 24 1 22 1 1 47 116 117 62 1 146 28 6 42 1 22 133 7 8 147 0 0 0 0 0 0 0 0 0 0 0 0 0 0 0 0 0
28 6 42 1 22 133 7 8 147 1 6 5 1 1 11 21 24 1 148 28 1 1 1 0 0 0 0 0 0 0 0 0 0 0 0 0 0 0 0 0 0 0 0 0
1 6 5 1 1 11 21 24 1 148 28 1 1 1 2 3 149 41 40 1 62 0 0 0 0 0 0 0 0 0 0 0 0 0 0 0 0 0 0 0 0 0 0 0
2 3 149 41 40 1 62 47 41 150 151 24 1 1 11 113 0 0 0 0 0 0 0 0 0 0 0 0 0 0 0 0 0 0 0 0 0 0 0 0 0 0 0 0
47 41 150 151 24 1 1 11 113 78 27 40 72 79 69 0 0 0 0 0 0 0 0 0 0 0 0 0 0 0 0 0 0 0 0 0 0 0 0 0 0 0 0 0
78 27 40 72 79 69 47 76 79 69 11 9 132 69 11 87 82 0 0 0 0 0 0 0 0 0 0 0 0 0 0 0 0 0 0 0 0 0 0 0 0 0 0 0
47 76 79 69 11 9 132 69 11 87 82 26 28 8 120 152 1 0 0 0 0 0 0 0 0 0 0 0 0 0 0 0 0 0 0 0 0 0 0 0 0 0 0 0
26 28 8 120 152 1 135 136 137 1 153 7 154 47 122 1 24 1 1 24 1 155 1 106 4 19 156 157 1 0 0 0 0 0 0 0 0 0 0 0 0 0 0 0
135 136 137 1 153 7 154 47 122 1 24 1 1 24 1 155 1 106 4 19 156 157 1 41 40 105 158 1 0 0 0 0 0 0 0 0 0 0 0 0 0 0 0 0
41 40 105 158 1 46 47 41 47 1 62 154 159 37 74 20 160 161 0 0 0 0 0 0 0 0 0 0 0 0 0 0 0 0 0 0 0 0 0 0 0 0 0 0
46 47 41 47 1 62 154 159 37 74 20 160 161 26 162 27 40 163 81 164 0 0 0 0 0 0 0 0 0 0 0 0 0 0 0 0 0 0 0 0 0 0 0 0
26 162 27 40 163 81 164 165 71 132 47 41 62 163 1 162 166 50 151 4 5 1 30 165 0 0 0 0 0 0 0 0 0 0 0 0 0 0 0 0 0 0 0 0
165 71 132 47 41 62 163 1 162 166 50 151 4 5 1 30 165 26 27 40 72 27 1 8 161 0 0 0 0 0 0 0 0 0 0 0 0 0 0 0 0 0 0 0
26 27 40 72 27 1 8 161 47 76 79 1 141 1 1 69 24 31 4 16 1 24 31 167 0 0 0 0 0 0 0 0 0 0 0 0 0 0 0 0 0 0 0 0
47 76 79 1 141 1 1 69 24 31 4 16 1 24 31 167 26 27 40 27 62 1 74 8 161 0 0 0 0 0 0 0 0 0 0 0 0 0 0 0 0 0 0 0
26 27 40 27 62 1 74 8 161 65 24 161 47 168 74 169 109 24 1 1 112 152 170 1 31 167 16 1 80 24 171 0 0 0 0 0 0 0 0 0 0 0 0 0
65 24 161 47 168 74 169 109 24 1 1 112 152 170 1 31 167 16 1 80 24 171 26 27 40 72 144 81 40 145 0 0 0 0 0 0 0 0 0 0 0 0 0 0
26 27 40 72 144 81 40 145 47 72 1 11 1 69 172 173 1 174 175 1 1 90 20 1 16 20 1 0 0 0 0 0 0 0 0 0 0 0 0 0 0 0 0 0
47 72 1 11 1 69 172 173 1 174 175 1 1 90 20 1 16 20 1 27 40 176 164 177 178 1 22 1 0 0 0 0 0 0 0 0 0 0 0 0 0 0 0 0
27 40 176 164 177 178 1 22 1 47 176 179 1 96 124 137 20 180 98 179 5 94 1 39 42 181 1 58 1 0 0 0 0 0 0 0 0 0 0 0 0 0 0 0
47 176 179 1 96 124 137 20 180 98 179 5 94 1 39 42 181 1 58 1 27 40 176 164 182 22 1 20 1 183 0 0 0 0 0 0 0 0 0 0 0 0 0 0
27 40 176 164 182 22 1 20 1 183 47 122 1 69 11 82 78 184 24 1 1 175 17 0 0 0 0 0 0 0 0 0 0 0 0 0 0 0 0 0 0 0 0 0
47 122 1 69 11 82 78 184 24 1 1 175 17 26 89 58 185 27 40 76 168 74 0 0 0 0 0 0 0 0 0 0 0 0 0 0 0 0 0 0 0 0 0 0
26 89 58 185 27 40 76 168 74 96 1 1 80 11 1 47 176 1 16 186 185 174 175 187 188 1 1 16 1 189 165 0 0 0 0 0 0 0 0 0 0 0 0 0
96 1 1 80 11 1 47 176 1 16 186 185 174 175 187 188 1 1 16 1 189 165 2 140 41 40 158 190 103 0 0 0 0 0 0 0 0 0 0 0 0 0 0 0
2 140 41 40 158 190 103 47 41 158 190 191 185 166 47 107 20 1 30 1 0 0 0 0 0 0 0 0 0 0 0 0 0 0 0 0 0 0 0 0 0 0 0 0
47 41 158 190 191 185 166 47 107 20 1 30 1 26 27 40 83 1 185 74 0 0 0 0 0 0 0 0 0 0 0 0 0 0 0 0 0 0 0 0 0 0 0 0
26 27 40 83 1 185 74 47 163 103 62 1 192 22 1 193 1 0 0 0 0 0 0 0 0 0 0 0 0 0 0 0 0 0 0 0 0 0 0 0 0 0 0 0
47 163 103 62 1 192 22 1 193 1 26 28 8 120 194 0 0 0 0 0 0 0 0 0 0 0 0 0 0 0 0 0 0 0 0 0 0 0 0 0 0 0 0 0
26 28 8 120 194 47 134 96 28 1 1 188 0 0 0 0 0 0 0 0 0 0 0 0 0 0 0 0 0 0 0 0 0 0 0 0 0 0 0 0 0 0 0 0
47 134 96 28 1 1 188 124 40 116 185 7 165 0 0 0 0 0 0 0 0 0 0 0 0 0 0 0 0 0 0 0 0 0 0 0 0 0 0 0 0 0 0 0
124 40 116 185 7 165 46 47 124 102 1 185 5 139 7 165 0 0 0 0 0 0 0 0 0 0 0 0 0 0 0 0 0 0 0 0 0 0 0 0 0 0 0 0
46 47 124 102 1 185 5 139 7 165 26 28 24 102 195 194 7 8 113 0 0 0 0 0 0 0 0 0 0 0 0 0 0 0 0 0 0 0 0 0 0 0 0 0
26 28 24 102 195 194 7 8 113 47 49 50 1 196 71 47 1 96 136 137 187 188 0 0 0 0 0 0 0 0 0 0 0 0 0 0 0 0 0 0 0 0 0 0
47 49 50 1 196 71 47 1 96 136 137 187 188 27 40 134 24 114 197 163 185 175 20 198 199 58 1 0 0 0 0 0 0 0 0 0 0 0 0 0 0 0 0 0
27 40 134 24 114 197 163 185 175 20 198 199 58 1 50 61 60 197 1 156 1 1 0 0 0 0 0 0 0 0 0 0 0 0 0 0 0 0 0 0 0 0 0 0
50 61 60 197 1 156 1 1 41 40 105 158 7 42 200 201 0 0 0 0 0 0 0 0 0 0 0 0 0 0 0 0 0 0 0 0 0 0 0 0 0 0 0 0
41 40 105 158 7 42 200 201 46 202 35 1 0 0 0 0 0 0 0 0 0 0 0 0 0 0 0 0 0 0 0 0 0 0 0 0 0 0 0 0 0 0 0 0
46 202 35 1 26 1 0 0 0 0 0 0 0 0 0 0 0 0 0 0 0 0 0 0 0 0 0 0 0 0 0 0 0 0 0 0 0 0 0 0 0 0 0 0
26 1 47 107 1 177 20 178 155 1 24 1 0 0 0 0 0 0 0 0 0 0 0 0 0 0 0 0 0 0 0 0 0 0 0 0 0 0 0 0 0 0 0 0
47 107 1 177 20 178 155 1 24 1 2 203 40 1 1 0 0 0 0 0 0 0 0 0 0 0 0 0 0 0 0 0 0 0 0 0 0 0 0 0 0 0 0 0
2 203 40 1 1 47 1 104 1 204 58 11 1 0 0 0 0 0 0 0 0 0 0 0 0 0 0 0 0 0 0 0 0 0 0 0 0 0 0 0 0 0 0 0
47 1 104 1 204 58 11 1 78 107 205 7 24 201 0 0 0 0 0 0 0 0 0 0 0 0 0 0 0 0 0 0 0 0 0 0 0 0 0 0 0 0 0 0
78 107 205 7 24 201 24 178 1 43 9 1 24 178 16 17 0 0 0 0 0 0 0 0 0 0 0 0 0 0 0 0 0 0 0 0 0 0 0 0 0 0 0 0
24 178 1 43 9 1 24 178 16 17 203 24 1 1 95 74 206 1 0 0 0 0 0 0 0 0 0 0 0 0 0 0 0 0 0 0 0 0 0 0 0 0 0 0
203 24 1 1 95 74 206 1 47 107 1 86 47 203 50 1 42 178 206 1 0 0 0 0 0 0 0 0 0 0 0 0 0 0 0 0 0 0 0 0 0 0 0 0
47 107 1 86 47 203 50 1 42 178 206 1 203 40 207 20 208 0 0 0 0 0 0 0 0 0 0 0 0 0 0 0 0 0 0 0 0 0 0 0 0 0 0 0
203 40 207 20 208 47 1 11 1 1 99 20 180 86 47 203 50 1 20 208 0 0 0 0 0 0 0 0 0 0 0 0 0 0 0 0 0 0 0 0 0 0 0 0
47 1 11 1 1 99 20 180 86 47 203 50 1 20 208 203 40 1 24 1 62 24 209 0 0 0 0 0 0 0 0 0 0 0 0 0 0 0 0 0 0 0 0 0
203 40 1 24 1 62 24 209 48 23 203 50 210 62 63 24 209 205 0 0 0 0 0 0 0 0 0 0 0 0 0 0 0 0 0 0 0 0 0 0 0 0 0 0
48 23 203 50 210 62 63 24 209 205 211 40 1 62 24 32 193 24 201 0 0 0 0 0 0 0 0 0 0 0 0 0 0 0 0 0 0 0 0 0 0 0 0 0
211 40 1 62 24 32 193 24 201 48 24 1 107 50 104 1 0 0 0 0 0 0 0 0 0 0 0 0 0 0 0 0 0 0 0 0 0 0 0 0 0 0 0 0
48 24 1 107 50 104 1 27 40 41 20 1 1 0 0 0 0 0 0 0 0 0 0 0 0 0 0 0 0 0 0 0 0 0 0 0 0 0 0 0 0 0 0 0
27 40 41 20 1 1 46 47 27 47 61 1 96 7 11 1 0 0 0 0 0 0 0 0 0 0 0 0 0 0 0 0 0 0 0 0 0 0 0 0 0 0 0 0
46 47 27 47 61 1 96 7 11 1 212 197 4 1 200 1 0 0 0 0 0 0 0 0 0 0 0 0 0 0 0 0 0 0 0 0 0 0 0 0 0 0 0 0
212 197 4 1 200 1 62 1 1 16 1 24 87 213 5 62 1 20 1 1 74 200 1 16 56 7 24 1 1 1 1 0 0 0 0 0 0 0 0 0 0 0 0 0
62 1 1 16 1 24 87 213 5 62 1 20 1 1 74 200 1 16 56 7 24 1 1 1 1 203 40 41 20 1 214 0 0 0 0 0 0 0 0 0 0 0 0 0
203 40 41 20 1 214 46 47 203 47 1 54 1 16 1 69 11 1 0 0 0 0 0 0 0 0 0 0 0 0 0 0 0 0 0 0 0 0 0 0 0 0 0 0
46 47 203 47 1 54 1 16 1 69 11 1 203 40 1 8 214 7 20 153 22 25 0 0 0 0 0 0 0 0 0 0 0 0 0 0 0 0 0 0 0 0 0 0
203 40 1 8 214 7 20 153 22 25 47 1 11 214 7 20 1 147 131 47 1 215 1 216 217 0 0 0 0 0 0 0 0 0 0 0 0 0 0 0 0 0 0 0
47 1 11 214 7 20 1 147 131 47 1 215 1 216 217 203 40 72 1 1 81 40 211 20 51 0 0 0 0 0 0 0 0 0 0 0 0 0 0 0 0 0 0 0
203 40 72 1 1 81 40 211 20 51 46 47 203 16 3 58 11 82 203 1 0 0 0 0 0 0 0 0 0 0 0 0 0 0 0 0 0 0 0 0 0 0 0 0
46 47 203 16 3 58 11 82 203 1 78 211 40 69 81 40 211 20 51 0 0 0 0 0 0 0 0 0 0 0 0 0 0 0 0 0 0 0 0 0 0 0 0 0
78 211 40 69 81 40 211 20 51 47 107 69 11 1 9 0 0 0 0 0 0 0 0 0 0 0 0 0 0 0 0 0 0 0 0 0 0 0 0 0 0 0 0 0
47 107 69 11 1 9 26 203 40 210 62 137 81 40 211 20 51 0 0 0 0 0 0 0 0 0 0 0 0 0 0 0 0 0 0 0 0 0 0 0 0 0 0 0
26 203 40 210 62 137 81 40 211 20 51 47 1 58 1 20 218 1 0 0 0 0 0 0 0 0 0 0 0 0 0 0 0 0 0 0 0 0 0 0 0 0 0 0
47 1 58 1 20 218 1 78 203 40 122 24 102 81 40 211 20 51 0 0 0 0 0 0 0 0 0 0 0 0 0 0 0 0 0 0 0 0 0 0 0 0 0 0
78 203 40 122 24 102 81 40 211 20 51 47 219 11 73 24 102 166 34 107 61 6 16 220 221 58 17 0 0 0 0 0 0 0 0 0 0 0 0 0 0 0 0 0
47 219 11 73 24 102 166 34 107 61 6 16 220 221 58 17 78 107 8 214 1 0 0 0 0 0 0 0 0 0 0 0 0 0 0 0 0 0 0 0 0 0 0 0
78 107 8 214 1 1 1 29 220 222 126 24 1 16 223 96 62 24 1 0 0 0 0 0 0 0 0 0 0 0 0 0 0 0 0 0 0 0 0 0 0 0 0 0
1 1 29 220 222 126 24 1 16 223 96 62 24 1 26 1 40 58 8 214 0 0 0 0 0 0 0 0 0 0 0 0 0 0 0 0 0 0 0 0 0 0 0 0
26 1 40 58 8 214 1 216 217 224 47 1 62 215 1 1 17 58 11 1 214 0 0 0 0 0 0 0 0 0 0 0 0 0 0 0 0 0 0 0 0 0 0 0
1 216 217 224 47 1 62 215 1 1 17 58 11 1 214 203 40 1 20 225 81 40 1 1 0 0 0 0 0 0 0 0 0 0 0 0 0 0 0 0 0 0 0 0
203 40 1 20 225 81 40 1 1 46 58 59 47 49 226 1 70 1 1 16 1 0 0 0 0 0 0 0 0 0 0 0 0 0 0 0 0 0 0 0 0 0 0 0
46 58 59 47 49 226 1 70 1 1 16 1 212 28 214 227 0 0 0 0 0 0 0 0 0 0 0 0 0 0 0 0 0 0 0 0 0 0 0 0 0 0 0 0
212 28 214 227 204 96 1 4 1 78 60 228 1 0 0 0 0 0 0 0 0 0 0 0 0 0 0 0 0 0 0 0 0 0 0 0 0 0 0 0 0 0 0 0
204 96 1 4 1 78 60 228 1 2 3 229 5 6 7 8 21 0 0 0 0 0 0 0 0 0 0 0 0 0 0 0 0 0 0 0 0 0 0 0 0 0 0 0
2 3 229 5 6 7 8 21 6 5 1 229 20 1 230 1 1 20 1 16 20 1 0 0 0 0 0 0 0 0 0 0 0 0 0 0 0 0 0 0 0 0 0 0
6 5 1 229 20 1 230 1 1 20 1 16 20 1 224 231 28 8 232 80 0 0 0 0 0 0 0 0 0 0 0 0 0 0 0 0 0 0 0 0 0 0 0 0
224 231 28 8 232 80 11 232 28 80 24 233 231 58 20 202 1 21 0 0 0 0 0 0 0 0 0 0 0 0 0 0 0 0 0 0 0 0 0 0 0 0 0 0
11 232 28 80 24 233 231 58 20 202 1 21 28 96 115 22 1 0 0 0 0 0 0 0 0 0 0 0 0 0 0 0 0 0 0 0 0 0 0 0 0 0 0 0
28 96 115 22 1 96 28 50 97 1 99 1 62 1 173 234 7 0 0 0 0 0 0 0 0 0 0 0 0 0 0 0 0 0 0 0 0 0 0 0 0 0 0 0
96 28 50 97 1 99 1 62 1 173 234 7 26 235 28 8 232 236 0 0 0 0 0 0 0 0 0 0 0 0 0 0 0 0 0 0 0 0 0 0 0 0 0 0
26 235 28 8 232 236 96 28 236 1 11 120 235 0 0 0 0 0 0 0 0 0 0 0 0 0 0 0 0 0 0 0 0 0 0 0 0 0 0 0 0 0 0 0
96 28 236 1 11 120 235 27 40 122 8 230 212 0 0 0 0 0 0 0 0 0 0 0 0 0 0 0 0 0 0 0 0 0 0 0 0 0 0 0 0 0 0 0
27 40 122 8 230 212 47 122 96 97 94 204 96 28 11 1 1 237 47 79 64 0 0 0 0 0 0 0 0 0 0 0 0 0 0 0 0 0 0 0 0 0 0 0
47 122 96 97 94 204 96 28 11 1 1 237 47 79 64 26 234 18 8 232 1 0 0 0 0 0 0 0 0 0 0 0 0 0 0 0 0 0 0 0 0 0 0 0
26 234 18 8 232 1 96 1 20 119 20 1 16 20 1 1 0 0 0 0 0 0 0 0 0 0 0 0 0 0 0 0 0 0 0 0 0 0 0 0 0 0 0 0
96 1 20 119 20 1 16 20 1 1 26 27 40 27 7 96 0 0 0 0 0 0 0 0 0 0 0 0 0 0 0 0 0 0 0 0 0 0 0 0 0 0 0 0
26 27 40 27 7 96 84 47 238 102 58 11 1 146 6 123 117 16 1 0 0 0 0 0 0 0 0 0 0 0 0 0 0 0 0 0 0 0 0 0 0 0 0 0
84 47 238 102 58 11 1 146 6 123 117 16 1 2 94 146 27 40 238 7 8 230 0 0 0 0 0 0 0 0 0 0 0 0 0 0 0 0 0 0 0 0 0 0
2 94 146 27 40 238 7 8 230 109 66 1 20 239 101 7 24 1 0 0 0 0 0 0 0 0 0 0 0 0 0 0 0 0 0 0 0 0 0 0 0 0 0 0
109 66 1 20 239 101 7 24 1 27 40 184 8 230 69 1 1 0 0 0 0 0 0 0 0 0 0 0 0 0 0 0 0 0 0 0 0 0 0 0 0 0 0 0
27 40 184 8 230 69 1 1 48 1 7 11 9 1 156 1 230 86 47 56 6 182 0 0 0 0 0 0 0 0 0 0 0 0 0 0 0 0 0 0 0 0 0 0
48 1 7 11 9 1 156 1 230 86 47 56 6 182 26 240 58 241 5 195 7 8 113 0 0 0 0 0 0 0 0 0 0 0 0 0 0 0 0 0 0 0 0 0
26 240 58 241 5 195 7 8 113 96 143 80 24 1 74 1 1 5 24 87 88 74 114 1 5 1 0 0 0 0 0 0 0 0 0 0 0 0 0 0 0 0 0 0
96 143 80 24 1 74 1 1 5 24 87 88 74 114 1 5 1 78 223 241 62 40 80 26 242 0 0 0 0 0 0 0 0 0 0 0 0 0 0 0 0 0 0 0
78 223 241 62 40 80 26 242 47 41 1 3 241 102 58 224 211 126 11 82 60 223 17 1 80 11 243 0 0 0 0 0 0 0 0 0 0 0 0 0 0 0 0 0
47 41 1 3 241 102 58 224 211 126 11 82 60 223 17 1 80 11 243 26 107 8 159 244 0 0 0 0 0 0 0 0 0 0 0 0 0 0 0 0 0 0 0 0
26 107 8 159 244 96 107 20 1 1 1 245 177 11 87 108 81 47 1 62 246 153 0 0 0 0 0 0 0 0 0 0 0 0 0 0 0 0 0 0 0 0 0 0
96 107 20 1 1 1 245 177 11 87 108 81 47 1 62 246 153 26 107 24 148 40 52 87 0 0 0 0 0 0 0 0 0 0 0 0 0 0 0 0 0 0 0 0
26 107 24 148 40 52 87 47 219 11 121 138 20 225 96 107 245 62 17 80 11 1 243 177 11 14 0 0 0 0 0 0 0 0 0 0 0 0 0 0 0 0 0 0
47 219 11 121 138 20 225 96 107 245 62 17 80 11 1 243 177 11 14 203 40 105 63 20 244 40 203 50 52 0 0 0 0 0 0 0 0 0 0 0 0 0 0 0
203 40 105 63 20 244 40 203 50 52 46 47 41 71 47 1 1 16 141 221 58 103 0 0 0 0 0 0 0 0 0 0 0 0 0 0 0 0 0 0 0 0 0 0
46 47 41 71 47 1 1 16 141 221 58 103 2 27 40 1 4 78 247 40 241 0 0 0 0 0 0 0 0 0 0 0 0 0 0 0 0 0 0 0 0 0 0 0
2 27 40 1 4 78 247 40 241 47 223 103 241 135 60 136 52 0 0 0 0 0 0 0 0 0 0 0 0 0 0 0 0 0 0 0 0 0 0 0 0 0 0 0
47 223 103 241 135 60 136 52 26 5 24 248 58 24 37 135 4 247 241 7 8 113 0 0 0 0 0 0 0 0 0 0 0 0 0 0 0 0 0 0 0 0 0 0
26 5 24 248 58 24 37 135 4 247 241 7 8 113 172 189 242 5 1 1 1 249 37 28 239 1 28 239 1 1 1 0 0 0 0 0 0 0 0 0 0 0 0 0
172 189 242 5 1 1 1 249 37 28 239 1 28 239 1 1 1 78 107 24 159 1 40 223 20 244 62 0 0 0 0 0 0 0 0 0 0 0 0 0 0 0 0 0
78 107 24 159 1 40 223 20 244 62 11 73 47 1 44 20 1 80 20 160 161 62 1 0 0 0 0 0 0 0 0 0 0 0 0 0 0 0 0 0 0 0 0 0
11 73 47 1 44 20 1 80 20 160 161 62 1 28 1 241 227 7 157 1 0 0 0 0 0 0 0 0 0 0 0 0 0 0 0 0 0 0 0 0 0 0 0 0
28 1 241 227 7 157 1 46 96 28 96 28 148 58 24 87 213 62 1 8 122 16 1 62 1 0 0 0 0 0 0 0 0 0 0 0 0 0 0 0 0 0 0 0
46 96 28 96 28 148 58 24 87 213 62 1 8 122 16 1 62 1 224 152 170 27 40 176 81 164 250 149 22 1 1 0 0 0 0 0 0 0 0 0 0 0 0 0
224 152 170 27 40 176 81 164 250 149 22 1 1 84 250 149 5 61 11 233 88 81 164 0 0 0 0 0 0 0 0 0 0 0 0 0 0 0 0 0 0 0 0 0
84 250 149 5 61 11 233 88 81 164 26 27 40 72 27 81 1 250 149 0 0 0 0 0 0 0 0 0 0 0 0 0 0 0 0 0 0 0 0 0 0 0 0 0
26 27 40 72 27 81 1 250 149 47 72 1 62 24 183 1 1 24 1 16 141 1 109 227 250 1 0 0 0 0 0 0 0 0 0 0 0 0 0 0 0 0 0 0
47 72 1 62 24 183 1 1 24 1 16 141 1 109 227 250 1 124 40 45 172 250 149 40 41 150 0 0 0 0 0 0 0 0 0 0 0 0 0 0 0 0 0 0
124 40 45 172 250 149 40 41 150 237 47 145 62 20 1 113 47 61 83 1 112 250 149 172 58 103 5 24 251 7 1 1 1 7 1 1 7 1 16 24 1 1 7 1
237 47 145 62 20 1 113 47 61 83 1 112 250 149 172 58 103 5 24 251 7 1 1 1 7 1 1 7 1 16 24 1 1 7 1 26 28 8 102 120 250 252 212 0
26 28 8 102 120 250 252 212 47 122 24 251 24 102 1 20 183 100 24 251 47 124 50 253 91 24 1 1 71 130 125 254 16 250 255 58 24 1 1 256 0 0 0 0
47 122 24 251 24 102 1 20 183 100 24 251 47 124 50 253 91 24 1 1 71 130 125 254 16 250 255 58 24 1 1 256 26 28 24 102 112 250 252 7 8 113 0 0
26 28 24 102 112 250 252 7 8 113 96 28 1 24 257 58 258 7 249 259 153 0 0 0 0 0 0 0 0 0 0 0 0 0 0 0 0 0 0 0 0 0 0 0
96 28 1 24 257 58 258 7 249 259 153 26 28 189 109 96 0 0 0 0 0 0 0 0 0 0 0 0 0 0 0 0 0 0 0 0 0 0 0 0 0 0 0 0
26 28 189 109 96 24 257 107 1 177 24 4 58 1 96 28 20 1 58 1 74 24 75 175 84 175 20 1 1 62 4 1 62 24 75 126 246 113 0 0 0 0 0 0
24 257 107 1 177 24 4 58 1 96 28 20 1 58 1 74 24 75 175 84 175 20 1 1 62 4 1 62 24 75 126 246 113 131 28 96 260 0 0 0 0 0 0 0
131 28 96 260 96 28 260 80 258 1 7 249 259 1 1 0 0 0 0 0 0 0 0 0 0 0 0 0 0 0 0 0 0 0 0 0 0 0 0 0 0 0 0 0
96 28 260 80 258 1 7 249 259 1 1 197 24 114 83 250 149 1 58 181 149 0 0 0 0 0 0 0 0 0 0 0 0 0 0 0 0 0 0 0 0 0 0 0
197 24 114 83 250 149 1 58 181 149 196 1 24 114 197 83 191 240 58 149 226 76 7 1 62 1 250 16 254 255 58 156 113 0 0 0 0 0 0 0 0 0 0 0
196 1 24 114 197 83 191 240 58 149 226 76 7 1 62 1 250 16 254 255 58 156 113 26 5 24 1 58 123 20 261 262 0 0 0 0 0 0 0 0 0 0 0 0
26 5 24 1 58 123 20 261 262 263 264 124 127 8 1 109 128 58 129 1 24 207 62 145 0 0 0 0 0 0 0 0 0 0 0 0 0 0 0 0 0 0 0 0
263 264 124 127 8 1 109 128 58 129 1 24 207 62 145 2 76 27 40 116 96 0 0 0 0 0 0 0 0 0 0 0 0 0 0 0 0 0 0 0 0 0 0 0
2 76 27 40 116 96 47 116 96 118 239 0 0 0 0 0 0 0 0 0 0 0 0 0 0 0 0 0 0 0 0 0 0 0 0 0 0 0 0 0 0 0 0 0
47 116 96 118 239 26 28 24 87 146 62 116 24 261 0 0 0 0 0 0 0 0 0 0 0 0 0 0 0 0 0 0 0 0 0 0 0 0 0 0 0 0 0 0
26 28 24 87 146 62 116 24 261 47 134 24 87 146 28 7 24 1 81 40 1 20 249 239 0 0 0 0 0 0 0 0 0 0 0 0 0 0 0 0 0 0 0 0
47 134 24 87 146 28 7 24 1 81 40 1 20 249 239 26 1 58 264 27 40 72 116 0 0 0 0 0 0 0 0 0 0 0 0 0 0 0 0 0 0 0 0 0
26 1 58 264 27 40 72 116 47 72 116 1 16 218 264 47 130 91 123 109 256 16 1 0 0 0 0 0 0 0 0 0 0 0 0 0 0 0 0 0 0 0 0 0
47 72 116 1 16 218 264 47 130 91 123 109 256 16 1 26 28 8 120 262 0 0 0 0 0 0 0 0 0 0 0 0 0 0 0 0 0 0 0 0 0 0 0 0
26 28 8 120 262 11 120 28 24 249 259 248 224 1 109 151 1 58 129 160 1 1 145 117 1 186 16 1 1 0 0 0 0 0 0 0 0 0 0 0 0 0 0 0
11 120 28 24 249 259 248 224 1 109 151 1 58 129 160 1 1 145 117 1 186 16 1 1 27 40 116 24 265 22 192 266 0 0 0 0 0 0 0 0 0 0 0 0
27 40 116 24 265 22 192 266 47 176 192 266 62 1 222 0 0 0 0 0 0 0 0 0 0 0 0 0 0 0 0 0 0 0 0 0 0 0 0 0 0 0 0 0
47 176 192 266 62 1 222 2 94 18 96 267 40 62 268 265 261 1 269 0 0 0 0 0 0 0 0 0 0 0 0 0 0 0 0 0 0 0 0 0 0 0 0 0
2 94 18 96 267 40 62 268 265 261 1 269 47 253 268 20 1 261 86 96 18 50 267 94 222 100 10 269 0 0 0 0 0 0 0 0 0 0 0 0 0 0 0 0
47 253 268 20 1 261 86 96 18 50 267 94 222 100 10 269 26 28 24 102 195 262 7 8 113 0 0 0 0 0 0 0 0 0 0 0 0 0 0 0 0 0 0 0
26 28 24 102 195 262 7 8 113 47 134 96 136 137 1 262 20 1 199 74 198 160 266 16 1 169 0 0 0 0 0 0 0 0 0 0 0 0 0 0 0 0 0 0
47 134 96 136 137 1 262 20 1 199 74 198 160 266 16 1 169 69 24 1 58 171 27 40 134 263 16 264 228 1 0 0 0 0 0 0 0 0 0 0 0 0 0 0
69 24 1 58 171 27 40 134 263 16 264 228 1 46 1 96 28 99 20 1 58 146 0 0 0 0 0 0 0 0 0 0 0 0 0 0 0 0 0 0 0 0 0 0
